HW rought draft
Closeness calculation
-11,12,13,14,15,16,17 
  0, 1, 1, 2, 2, 3, 3 = 12
-21,22,23,24,25,26,27 
  1, 0, 1, 2, 1, 2, 2 = 9
-31,32,33,34,35,36,37 
  1, 1, 0, 1, 2, 3, 3 = 11
-41,42,43,44,45,46,47 
  2, 2, 1, 0, 3, 4, 4 = 16
-51,52,53,54,55,56,57 
  2, 1, 2, 3, 0, 1, 1 = 10
-61,62,63,64,65,66,67 
  3, 2, 3, 4, 1, 0, 2 = 15
-71,72,73,74,75,76,77 
  3, 2, 3, 4, 1, 2, 0 = 15
(1,2),(1,3),(1,4),(1,5),(1,6),(1,7)
(1,3),(1,4),(1,5),(1,6),(1,7)
(1,4),(1,5),(1,6),(1,7)
(1,4),(1,5),(1,6),(1,7)
(1,5),(1,6),(1,7)
(1,6),(1,7)
(6,7)
all of them have a 1 shortest paths
2,3,4 betweeness can be calculated, the rest are betweeness of 0.
